18
40
1111111111111111111111111111133399999999
1111111111110000000000000000033399999999
0000000011110211111111111111133399999999
1111112011110000000000000001111199999999
1111111011111111111111111200000198999999
1111111011111000000000001111110199999999
1000000011111021111111101111110199999999
1021111111111000000111101111110199999999
1011111111111111110011101111110199999999
1011111111111111111011101111120199999999
1000000000000111111011100000000199999999
1111111111120111111011111211111199999999
1111111111110111111000000000000199999999
1111111111110111111111111111120199999999
1100000000000111111111111111110199999999
1102111111111111110000011111110199999999
1101111111211111110121011111120199999999
1100000000000000000111000000000199999999