00000000000666666666666660000000
00000000006000000000000006000000
00000000660000000000000000660000
00000006000000000066666666666660
00000006000000000600000000000006
00000060000000000600000000000006
00666660000000000066666666666660
06000060000000000000000000060000
06000060000000000000000000060000
06000060000000000000000000060000
06000060000000000000000000060000
06000060000000000000000000060000
06000060000000000000000000060000
00666660000000000000000000060000
00000060000000666666000000060000
00000060000006000000600000060000
00000060000006000000600000060000
00000006666660000000066666600000
